HZ: 50

MAX_ROLL_ANGLE: 0.12217304763
MAX_PITCH_ANGLE: 0.17453292519

H: 0.1435
L: 0.30